9,4,13,7,3,4,9,2,7,11,11,8,13,14,6,0,11,6,4,-1,11,10,5,0,7
2,6,6,1,6,3,6,13,13,7,5,0,4,11,6,2,0,7,6,0,-1,-1,5,3,14
11,4,0,11,-1,8,3,4,14,9,7,-1,1,10,6,13,2,10,10,1,13,3,1,2,11
3,15,3,-1,6,2,-1,10,6,0,12,4,3,2,4,13,8,15,1,1,10,15,7,12,7
4,15,15,10,4,8,7,12,13,10,1,9,6,3,1,14,10,3,5,15,0,9,7,10,-1
8,2,11,4,10,13,6,10,11,1,4,5,8,9,4,5,6,1,8,3,9,3,11,11,0
1,0,6,12,1,4,13,4,2,6,11,11,-1,12,10,5,11,4,5,7,12,0,11,9,14
13,9,5,7,-1,3,2,7,12,4,10,13,2,3,15,8,5,0,8,4,6,7,-1,8,8
14,7,11,11,-1,4,4,14,14,10,4,0,4,2,2,4,9,9,12,14,-1,6,9,7,10
0,11,9,2,13,7,9,14,6,9,6,6,12,8,14,1,7,2,13,2,13,10,2,-1,2
12,15,4,4,7,8,6,0,15,9,6,3,14,10,2,2,8,6,10,-1,0,8,7,4,4
4,7,6,2,14,4,12,4,6,10,15,2,-1,7,11,10,14,10,14,7,-1,1,6,10,7
15,9,14,5,12,2,-1,2,7,14,3,13,6,14,13,14,6,5,10,10,1,11,-1,-1,14
14,3,12,3,4,-1,8,6,1,1,5,1,10,2,11,2,15,2,12,4,1,10,15,15,13
0,14,7,10,3,3,10,-1,-1,6,13,15,0,5,14,7,14,7,2,11,13,15,3,13,2
3,0,15,6,5,9,2,1,7,4,5,13,14,11,-1,12,6,12,14,6,0,0,6,12,5
0,1,-1,2,0,11,15,0,0,0,1,9,10,2,2,14,12,12,2,15,-1,0,6,8,13
0,8,15,2,7,1,9,-1,11,4,13,1,0,3,15,9,7,0,12,12,15,10,5,14,2
7,8,4,2,-1,6,0,0,11,8,9,12,0,4,0,14,12,13,11,13,2,1,8,10,2
7,15,2,5,-1,10,-1,2,8,13,9,3,4,15,-1,10,-1,3,8,2,9,5,14,9,1
6,7,0,10,1,10,12,8,4,7,6,3,10,1,9,7,8,11,5,14,14,7,7,6,7
1,7,15,2,2,13,4,10,4,1,9,11,15,0,3,7,5,10,10,9,-1,12,13,2,8
13,1,5,6,-1,1,2,3,5,5,0,1,15,1,1,2,13,15,-1,5,2,13,4,-1,12
14,5,12,6,15,11,11,2,14,2,11,0,8,3,6,11,1,5,15,9,6,-1,2,1,4
2,13,6,6,0,10,10,11,-1,2,12,8,12,12,14,0,1,10,5,-1,8,2,2,9,6
0,0
24,24
end