7,0,1,14,7,3,5,9,14,9,6,5,15,0,1,2,15,2,-1,1
6,15,8,6,3,13,7,13,1,6,10,1,7,2,10,4,0,12,8,1
12,7,3,13,5,12,10,2,13,4,3,10,5,6,10,0,4,9,15,15
3,10,15,8,7,15,13,2,14,4,7,1,5,10,7,1,1,10,0,10
10,12,1,11,-1,4,12,0,15,4,6,-1,6,0,-1,11,11,9,9,8
4,11,15,1,4,8,10,13,12,6,7,9,13,10,1,0,14,15,8,5
13,7,15,3,10,1,0,0,6,0,7,13,4,8,13,15,3,-1,4,13
10,7,-1,15,10,12,1,13,13,14,11,6,8,15,10,15,1,-1,13,14
15,-1,15,11,9,10,0,2,8,7,8,4,10,10,14,-1,8,13,8,14
14,7,1,6,14,3,4,0,15,11,4,13,2,6,11,1,8,12,10,9
1,15,2,13,5,0,12,10,12,10,15,4,15,-1,9,-1,6,15,10,14
8,4,13,13,0,15,2,1,7,14,0,9,-1,8,15,-1,12,15,7,15
9,14,15,2,0,5,8,3,5,15,8,6,3,12,13,8,4,5,11,0
14,5,9,13,12,14,1,13,14,10,1,9,5,14,15,6,12,12,6,15
15,2,13,5,4,14,13,2,8,0,11,8,0,0,0,15,5,8,4,12
7,10,11,13,1,9,1,11,14,8,-1,12,2,13,7,0,15,1,3,0
2,10,-1,7,14,9,-1,-1,8,7,12,4,10,14,11,4,5,4,9,13
13,-1,4,4,10,9,4,9,10,11,12,-1,13,15,2,1,15,9,4,5
10,8,4,1,5,3,7,7,-1,12,6,10,11,5,11,3,3,15,8,0
11,12,11,14,15,14,7,4,4,-1,2,2,0,14,15,15,1,2,12,14
0,0
19,19
end
