8,0,13,15,8,3,7,4,10,8,6,5,-1,4,-1
6,1,11,6,12,14,15,6,8,13,2,8,9,14,3
8,9,2,3,4,11,10,1,1,4,15,0,14,6,13
8,0,9,3,5,6,13,15,7,8,14,6,13,0,12
15,1,13,11,6,7,13,14,0,1,10,13,6,13,7
11,2,0,10,-1,3,3,0,14,6,4,14,4,13,6
15,2,10,-1,14,10,5,8,15,5,0,10,8,4,14
3,5,-1,14,9,-1,5,9,2,12,4,3,-1,14,8
12,6,2,1,12,11,4,12,1,7,3,9,6,14,10
1,14,13,0,9,10,11,8,3,8,14,3,4,12,7
0,3,4,12,10,9,2,13,10,13,9,8,3,10,14
0,13,0,6,-1,0,0,15,-1,8,4,14,6,14,5
4,10,9,7,5,0,7,0,-1,6,3,2,2,3,15
8,0,14,7,-1,5,1,11,11,6,15,6,15,11,12
9,10,13,3,1,10,11,0,8,0,6,12,11,11,1
0,0
14,14
end
